adabor = """90.352491,23.776804,0.0 
    90.352705,23.776509,0.0 
    90.353177,23.776293,0.0 
    90.353671,23.775999,0.0 
    90.354786,23.775861,0.0 
    90.355709,23.775861,0.0 
    90.356567,23.775940,0.0 
    90.357340,23.776254,0.0 
    90.357662,23.776627,0.0 
    90.357736,23.776687,0.0 
    90.357929,23.776471,0.0 
    90.358316,23.776020,0.0 
    90.358916,23.775666,0.0 
    90.359367,23.775509,0.0 
    90.359582,23.775293,0.0 
    90.359689,23.774979,0.0 
    90.360247,23.774390,0.0 
    90.361031,23.774036,0.0 
    90.361733,23.773681,0.0 
    90.360237,23.772799,0.0 
    90.359958,23.772171,0.0 
    90.359357,23.771307,0.0 
    90.358477,23.769677,0.0 
    90.358027,23.769029,0.0 
    90.357812,23.770030,0.0 
    90.357619,23.770207,0.0 
    90.356460,23.770482,0.0 
    90.353928,23.770344,0.0 
    90.351675,23.769991,0.0 
    90.351096,23.771719,0.0 
    90.350903,23.772014,0.0 
    90.348735,23.774527,0.0 
    90.350259,23.776196,0.0 
    90.352405,23.776785,0.0"""

Aftabnagar = """90.423744,23.768344,0.0 
90.424130,23.768933,0.0 
90.425160,23.768972,0.0 
90.425932,23.769169,0.0 
90.428378,23.767755,0.0 
90.432327,23.765909,0.0 
90.432541,23.765634,0.0 
90.434387,23.764966,0.0 
90.435202,23.765555,0.0 
90.437262,23.768972,0.0 
90.441940,23.768226,0.0 
90.443914,23.768265,0.0 
90.448162,23.768540,0.0 
90.448978,23.771525,0.0 
90.457647,23.770779,0.0 
90.456960,23.764220,0.0 
90.450394,23.763788,0.0 
90.449707,23.762060,0.0 
90.449149,23.760724,0.0 
90.446489,23.760960,0.0 
90.445888,23.762020,0.0 
90.444600,23.762570,0.0 
90.443270,23.762688,0.0 
90.439751,23.762924,0.0 
90.436536,23.763081,0.0 
90.434348,23.763513,0.0 
90.432417,23.763906,0.0 
90.429842,23.764927,0.0 
90.426772,23.766537,0.0 
90.424197,23.767794,0.0 
90.423810,23.768305,0.0 """


Agargaon = """90.368187,23.780963,0.0 
90.368315,23.782121,0.0 
90.368208,23.782848,0.0 
90.368122,23.782985,0.0 
90.367500,23.783083,0.0 
90.367028,23.783005,0.0 
90.366320,23.782789,0.0 
90.365998,23.782573,0.0 
90.365590,23.782337,0.0 
90.365440,23.782062,0.0 
90.365333,23.781748,0.0 
90.365161,23.781277,0.0 
90.364947,23.780766,0.0 
90.364753,23.780315,0.0 
90.364475,23.779470,0.0 
90.364475,23.779176,0.0 
90.367264,23.778685,0.0 
90.369024,23.776859,0.0 
90.369388,23.776525,0.0 
90.369796,23.775955,0.0 
90.370311,23.774424,0.0 
90.370397,23.774306,0.0 
90.376190,23.775857,0.0 
90.379988,23.776819,0.0 
90.380353,23.777193,0.0 
90.379924,23.778606,0.0 
90.378508,23.783319,0.0 
90.378401,23.783771,0.0 
90.375633,23.783299,0.0 
90.375675,23.782141,0.0 
90.374066,23.781670,0.0 
90.373379,23.781552,0.0 
90.372779,23.781552,0.0 
90.371877,23.781434,0.0 
90.370976,23.781159,0.0 
90.370869,23.780904,0.0 
90.368594,23.780648,0.0 
90.368380,23.780629,0.0 
90.368208,23.780766,0.0 
90.368165,23.780904,0.0 """


Azimpur = """90.385237,23.732324,0.0 
90.386911,23.732481,0.0 
90.386868,23.732069,0.0 
90.387061,23.730910,0.0 
90.387318,23.730085,0.0 
90.387833,23.729142,0.0 
90.389292,23.727570,0.0 
90.389486,23.727208,0.0 
90.388842,23.724163,0.0 
90.387147,23.724006,0.0 
90.385001,23.723927,0.0 
90.383628,23.723947,0.0 
90.382812,23.724045,0.0 
90.381761,23.726245,0.0 
90.381761,23.726717,0.0 
90.381546,23.727385,0.0 
90.381310,23.727797,0.0 
90.381267,23.728249,0.0 
90.381503,23.729133,0.0 
90.381503,23.729801,0.0 
90.381117,23.730390,0.0 
90.380194,23.731097,0.0 
90.381310,23.731667,0.0 
90.382126,23.732138,0.0 
90.383713,23.732158,0.0 
90.385151,23.732315,0.0 """


Babu_Bazar = """90.391181,23.711826,0.0 
90.391331,23.713574,0.0 
90.391459,23.714458,0.0 
90.391524,23.715500,0.0 
90.391846,23.716089,0.0 
90.392296,23.716010,0.0 
90.393069,23.715991,0.0 
90.394893,23.715853,0.0 
90.396116,23.715519,0.0 
90.396974,23.714812,0.0 
90.398240,23.714164,0.0 
90.399034,23.713692,0.0 
90.399742,23.713083,0.0 
90.400944,23.712219,0.0 
90.403004,23.711669,0.0 
90.403218,23.712592,0.0 
90.404463,23.713633,0.0 
90.406723,23.714471,0.0 
90.406808,23.714019,0.0 
90.406615,23.712939,0.0 
90.406637,23.712546,0.0 
90.406873,23.711957,0.0 
90.406572,23.710346,0.0 
90.406465,23.709049,0.0 
90.406122,23.707909,0.0 
90.405993,23.707811,0.0 
90.404105,23.708853,0.0 
90.402667,23.709599,0.0 
90.402045,23.709992,0.0 
90.399290,23.711264,0.0 
90.398175,23.711617,0.0 
90.396372,23.711519,0.0 
90.394570,23.711499,0.0 
90.392317,23.711401,0.0 
90.391694,23.711519,0.0 
90.391179,23.711794,0.0 """

BADDA = """90.421429,23.809337,0.0 
90.421788,23.805462,0.0 
90.423375,23.798198,0.0 
90.423805,23.795096,0.0 
90.421959,23.794428,0.0 
90.422388,23.791836,0.0 
90.422646,23.790894,0.0 
90.422388,23.789127,0.0 
90.422345,23.788145,0.0 
90.421916,23.786967,0.0 
90.420886,23.782545,0.0 
90.420972,23.780503,0.0 
90.421101,23.778147,0.0 
90.420414,23.776183,0.0 
90.419272,23.774416,0.0 
90.419100,23.773827,0.0 
90.418671,23.772531,0.0 
90.418714,23.771706,0.0 
90.419143,23.771470,0.0 
90.419358,23.771235,0.0 
90.420045,23.771078,0.0 
90.420559,23.771038,0.0 
90.421074,23.771156,0.0 
90.421804,23.771353,0.0 
90.422147,23.771353,0.0 
90.422534,23.770881,0.0 
90.422662,23.770135,0.0 
90.422448,23.768957,0.0 
90.422405,23.768171,0.0 
90.424121,23.767307,0.0 
90.427855,23.765658,0.0 
90.433649,23.763576,0.0 
90.438112,23.762987,0.0 
90.437683,23.765343,0.0 
90.437400,23.768721,0.0 
90.436971,23.774730,0.0 
90.437743,23.780228,0.0 
90.440361,23.787297,0.0 
90.440833,23.789653,0.0 
90.439631,23.790988,0.0 
90.437443,23.792284,0.0 
90.436670,23.795151,0.0 
90.436928,23.798174,0.0 
90.435769,23.800138,0.0 
90.435855,23.801316,0.0 
90.435640,23.801747,0.0 
90.435039,23.801905,0.0 
90.434782,23.801355,0.0 
90.434267,23.801316,0.0 
90.433966,23.801787,0.0 
90.434310,23.802022,0.0 
90.434481,23.801905,0.0 
90.434696,23.802258,0.0 
90.434911,23.802572,0.0 
90.435640,23.802376,0.0 
90.435726,23.803240,0.0 
90.435125,23.803632,0.0 
90.435297,23.804182,0.0 
90.435620,23.804807,0.0 
90.436350,23.805239,0.0 
90.436736,23.807673,0.0 
90.436565,23.808459,0.0 
90.435578,23.808339,0.0 
90.435020,23.808182,0.0 
90.434333,23.807829,0.0 
90.433603,23.807318,0.0 
90.433260,23.807083,0.0 
90.432016,23.806769,0.0 
90.430814,23.806219,0.0 
90.429355,23.805748,0.0 
90.428754,23.805394,0.0 
90.428282,23.805434,0.0 
90.428282,23.805865,0.0 
90.428282,23.806140,0.0 
90.428067,23.806376,0.0 
90.427724,23.806297,0.0 
90.426866,23.806415,0.0 
90.426222,23.806965,0.0 
90.421845,23.809046,0.0 
90.421429,23.809337,0.0 """


Banani = """90.402896,23.803782,0.0 
90.403883,23.803801,0.0 
90.404334,23.803585,0.0 
90.404291,23.802741,0.0 
90.404656,23.802506,0.0 
90.404613,23.802152,0.0 
90.406608,23.802211,0.0 
90.406930,23.801465,0.0 
90.407917,23.800955,0.0 
90.407424,23.800267,0.0 
90.407338,23.799521,0.0 
90.407359,23.799305,0.0 
90.407316,23.798010,0.0 
90.407767,23.797558,0.0 
90.408411,23.797244,0.0 
90.408904,23.796792,0.0 
90.409226,23.795987,0.0 
90.409419,23.794358,0.0 
90.409526,23.793671,0.0 
90.409634,23.793612,0.0 
90.409720,23.793121,0.0 
90.409720,23.792650,0.0 
90.409720,23.791786,0.0 
90.409677,23.790883,0.0 
90.410599,23.790490,0.0 
90.411265,23.790215,0.0 
90.411479,23.789822,0.0 
90.411565,23.788526,0.0 
90.410471,23.787957,0.0 
90.404720,23.788782,0.0 
90.404355,23.786583,0.0 
90.403218,23.786229,0.0 
90.402960,23.785778,0.0 
90.402639,23.785542,0.0 
90.402445,23.785640,0.0 
90.402252,23.786013,0.0 
90.402124,23.786406,0.0 
90.401780,23.786681,0.0 
90.401287,23.786799,0.0 
90.400707,23.786799,0.0 
90.399870,23.786995,0.0 
90.400622,23.791040,0.0 
90.401587,23.797325,0.0 
90.402681,23.803686,0.0 
90.402767,23.803765,0.0 
90.402832,23.803804,0.0 """


Banasree = """90.424601,23.766688,0.0 
90.425717,23.766256,0.0 
90.428592,23.764763,0.0 
90.431596,23.763506,0.0 
90.432326,23.763310,0.0 
90.435287,23.762682,0.0 
90.440394,23.762289,0.0 
90.441939,23.762053,0.0 
90.441381,23.760286,0.0 
90.441381,23.757575,0.0 
90.434986,23.759382,0.0 
90.433398,23.759736,0.0 
90.427390,23.760561,0.0 
90.423185,23.764410,0.0 
90.424429,23.766688,0.0 """


BANGSHAL = """90.411553,23.714093,0.0 
90.411601,23.718490,0.0 
90.411768,23.720615,0.0 
90.411849,23.722894,0.0 
90.405669,23.723012,0.0 
90.401421,23.723523,0.0 
90.400219,23.723680,0.0 
90.395412,23.724505,0.0 
90.395842,23.723051,0.0 
90.395498,23.721598,0.0 
90.395851,23.720218,0.0 
90.395851,23.720218,0.0 
90.394855,23.718494,0.0 
90.395627,23.716568,0.0 
90.396485,23.716490,0.0 
90.394425,23.711775,0.0 
90.394898,23.711500,0.0 
90.399413,23.710946,0.0 
90.402718,23.709335,0.0 
90.403395,23.712954,0.0 
90.406313,23.714329,0.0 
90.407858,23.714800,0.0 
90.409446,23.714368,0.0 
90.411506,23.713936,0.0 """


Baridhara = """90.420981,23.809557,0.0 
90.419607,23.808733,0.0 
90.419006,23.808458,0.0 
90.418706,23.807830,0.0 
90.416303,23.806966,0.0 
90.415917,23.806691,0.0 
90.416303,23.806338,0.0 
90.416904,23.806102,0.0 
90.417547,23.804807,0.0 
90.418019,23.802451,0.0 
90.417934,23.800213,0.0 
90.417977,23.799152,0.0 
90.418620,23.797228,0.0 
90.419994,23.795932,0.0 
90.421710,23.794048,0.0 
90.426602,23.794951,0.0 
90.425444,23.798642,0.0 
90.425487,23.799427,0.0 
90.425959,23.800566,0.0 
90.426517,23.801940,0.0 
90.424371,23.801705,0.0 
90.422912,23.801430,0.0 
90.421968,23.805749,0.0 
90.421538,23.808772,0.0 
90.421429,23.809337,0.0 
90.421195,23.809740,0.0 """


Basabo = """90.426797,23.743704,0.0 
90.426797,23.742369,0.0 
90.427012,23.740640,0.0 
90.427570,23.739894,0.0 
90.428300,23.740051,0.0 
90.430317,23.740405,0.0 
90.433750,23.740326,0.0 
90.434908,23.740758,0.0 
90.433836,23.744726,0.0 
90.431699,23.743924,0.0 
90.429424,23.743767,0.0 
90.426849,23.743728,0.0 """


Basundhara = """90.427662,23.825897,0.0 
90.436159,23.827860,0.0 
90.450493,23.830765,0.0 
90.456844,23.832178,0.0 
90.460792,23.826917,0.0 
90.461479,23.826368,0.0 
90.461908,23.826368,0.0 
90.462337,23.825818,0.0 
90.462509,23.825111,0.0 
90.462766,23.824954,0.0 
90.463625,23.824483,0.0 
90.464655,23.823777,0.0 
90.464655,23.822677,0.0 
90.465170,23.822049,0.0 
90.465513,23.821657,0.0 
90.466200,23.821264,0.0 
90.467230,23.822206,0.0 
90.468860,23.822756,0.0 
90.469890,23.822992,0.0 
90.470663,23.823463,0.0 
90.471607,23.824640,0.0 
90.472980,23.823777,0.0 
90.483795,23.814825,0.0 
90.483452,23.813333,0.0 
90.481649,23.812862,0.0 
90.480791,23.812234,0.0 
90.480104,23.811606,0.0 
90.477958,23.810978,0.0 
90.475040,23.810428,0.0 
90.474525,23.810350,0.0 
90.471693,23.811135,0.0 
90.465770,23.811684,0.0 
90.464225,23.811684,0.0 
90.461994,23.811999,0.0 
90.459076,23.814119,0.0 
90.457702,23.814747,0.0 
90.454612,23.811999,0.0 
90.446115,23.809878,0.0 
90.443454,23.809486,0.0 
90.441738,23.809564,0.0 
90.435591,23.808983,0.0 
90.428348,23.807915,0.0 
90.425087,23.807051,0.0 
90.424228,23.815611,0.0 
90.425687,23.819380,0.0 
90.426460,23.821264,0.0 
90.428520,23.822363,0.0 
90.427747,23.825740,0.0 """
